%% Dados de entrada do sistema IEEE 118 barras 

%% Dados gerais do sistema

% base de tensão V = 1.0 kV; S = 100MVA

Sbase = 100; % MVA
Vbase = 1.0; % kV

K = (Vbase^2)/Sbase;

nbus = 118;
%%
% NB  T  VT    Angle      PG     QG      PLOAD    QLOAD     QBAR  
 busdata = [
    1  2  0.955  10.67     0.0     0.0    51.0     27.0  0 0    0.0 
    2  3  0.971  11.22     0.0     0.0    20.0      9.0  0 0    0.0 
    3  3  0.968  11.56     0.0     0.0    39.0     10.0  0 0    0.0 
    4  2  0.998  15.28    -9.0     0.0    30.0     12.0  0 0    0.0 
    5  3  1.002  15.73     0.0     0.0     0.0      0.0  0 0   -40/100.
    6  2  0.990  13.00     0.0     0.0    52.0     22.0  0 0    0.0 
    7  3  0.989  12.56     0.0     0.0    19.0      2.0  0 0    0.0 
    8  2  1.015  20.77   -28.0     0.0    0.0      0.0   0 0  0.0 
    9  3  1.043  28.02     0.0     0.0    0.0      0.0   0 0   0.0 
   10  2  1.050  35.61   450.0     0.0    0.0      0.0   0 0   0.0 
   11  3  0.985  12.72     0.0     0.0    70.0     23.0  0 0    0.0 
   12  2  0.990  12.20    85.0     0.0   47.0     10.0   0 0   0.0 
   13  3  0.968  11.35     0.0     0.0   34.0     16.0   0 0   0.0 
   14  3  0.984  11.50     0.0     0.0   14.0      1.0   0 0   0.0 
   15  2  0.970  11.23     0.0     0.0   90.0     30.0   0 0   0.0 
   16  3  0.984  11.91     0.0     0.0   25.0     10.0   0 0   0.0 
   17  3  0.995  13.74     0.0     0.0   11.0      3.0   0 0   0.0 
   18  2  0.973  11.53     0.0     0.0   60.0     34.0   0 0   0.0 
   19  2  0.963  11.05     0.0     0.0   45.0     25.0   0 0   0.0 
   20  3  0.958  11.93     0.0     0.0   18.0      3.0   0 0   0.0 
   21  3  0.959  13.52     0.0     0.0   14.0      8.0   0 0   0.0 
   22  3  0.970  16.08     0.0     0.0   10.0      5.0   0 0   0.0 
   23  3  1.000  21.00     0.0     0.0   7.0      3.0    0 0   0.0 
   24  2  0.992  20.89   -13.0     0.0   0.0      0.0    0 0   0.0 
   25  2  1.050  27.93   220.0     0.0   0.0      0.0    0 0   0.0 
   26  2  1.015  29.71   314.0     0.0   0.0      0.0    0 0   0.0 
   27  2  0.968  15.35    -9.0     0.0   62.0     13.0   0 0   0.0 
   28  3  0.962  13.62     0.0     0.0   17.0      7.0   0 0   0.0 
   29  3  0.963  12.63     0.0     0.0   24.0      4.0   0 0   0.0 
   30  3  0.968  18.79     0.0     0.0   0.0      0.0    0 0   0.0 
   31  2  0.967  12.75     7.0     0.0   43.0     27.0   0 0   0.0 
   32  2  0.964  14.80     0.0     0.0   59.0     23.0   0 0   0.0 
   33  3  0.972  10.63     0.0     0.0   23.0      9.0   0 0   0.0 
   34  2  0.986  11.30     0.0     0.0   59.0     26.0   0 0   14/100.
   35  3  0.981  10.87     0.0     0.0   33.0      9.0   0 0   0.0 
   36  2  0.980  10.87     0.0     0.0   31.0     17.0   0 0   0.0 
   37  3  0.992  11.77     0.0     0.0   0.0      0.0    0 0   -25/100.
   38  3  0.962  16.91     0.0     0.0   0.0      0.0    0 0  0.0 
   39  3  0.970   8.41     0.0     0.0   27.0     11.0   0 0   0.0 
   40  2  0.970   7.35   -46.0     0.0   20.0     23.0   0 0   0.0 
   41  3  0.967   6.92     0.0     0.0   37.0     10.0   0 0   0.0 
   42  2  0.985   8.53   -59.0     0.0   37.0     23.0   0 0   0.0 
   43  3  0.978  11.28     0.0     0.0   18.0      7.0   0 0   0.0 
   44  3  0.985  13.82     0.0     0.0   16.0      8.0   0 0   10/100.
   45  3  0.987  15.67     0.0     0.0   53.0     22.0   0 0   10/100.
   46  2  1.005  18.49    19.0     0.0   28.0     10.0   0 0   10/100.
   47  3  1.017  20.73     0.0     0.0   34.0      0.0   0 0   0.0 
   48  3  1.021  19.93     0.0     0.0   20.0     11.0   0 0   15/100.
   49  2  1.025  20.94   204.0     0.0   87.0     30.0   0 0   0.0 
   50  3  1.001  18.90     0.0     0.0   17.0      4.0   0 0   0.0 
   51  3  0.967  16.28     0.0     0.0   17.0      8.0   0 0   0.0 
   52  3  0.957  15.32     0.0     0.0   18.0      5.0   0 0   0.0 
   53  3  0.946  14.35     0.0     0.0   23.0     11.0   0 0   0.0 
   54  2  0.955  15.26    48.0     0.0   113.0     32.0  0 0   0.0 
   55  2  0.952  14.97     0.0     0.0   63.0     22.0   0 0   0.0 
   56  2  0.954  15.16     0.0     0.0   84.0     18.0   0 0   0.0 
   57  3  0.971  16.36     0.0     0.0   12.0      3.0   0 0   0.0 
   58  3  0.959  15.51     0.0     0.0   12.0      3.0   0 0   0.0 
   59  2  0.985  19.37   155.0     0.0   277.0    113.0  0 0   0.0 
   60  3  0.993  23.15     0.0     0.0   78.0      3.0   0 0   0.0 
   61  2  0.995  24.04   160.0     0.0   0.0      0.0    0 0   0.0 
   62  2  0.998  23.43     0.0     0.0   77.0     14.0   0 0   0.0 
   63  3  0.969  22.75     0.0     0.0   0.0      0.0    0 0   0.0 
   64  3  0.984  24.52     0.0     0.0   0.0      0.0    0 0   0.0 
   65  2  1.005  27.65   391.0     0.0   0.0      0.0    0 0   0.0 
   66  2  1.050  27.48   392.0     0.0   39.0     18.0   0 0   0.0 
   67  3  1.020  24.84     0.0     0.0   28.0      7.0   0 0   0.0 
   68  3  1.003  27.55     0.0     0.0   0.0      0.0    0 0   0.0 
   69  1  1.035  30.00   516.4     0.0   0.0      0.0    0 0   0.0 
   70  2  0.984  22.58     0.0     0.0   66.0     20.0   0 0   0.0 
   71  3  0.987  22.15     0.0     0.0   0.0      0.0    0 0   0.0 
   72  2  0.980  20.98   -12.0     0.0   0.0      0.0    0 0   0.0 
   73  2  0.991  21.94    -6.0     0.0   0.0      0.0    0 0   0.0 
   74  2  0.958  21.64     0.0     0.0   68.0     27.0   0 0   12/100.
   75  3  0.967  22.91     0.0     0.0   47.0     11.0   0 0   0.0 
   76  2  0.943  21.77     0.0     0.0   68.0     36.0   0 0   0.0 
   77  2  1.006  26.72     0.0     0.0   61.0     28.0   0 0   0.0 
   78  3  1.003  26.42     0.0     0.0   71.0     26.0   0 0   0.0 
   79  3  1.009  26.72     0.0     0.0   39.0     32.0   0 0   20/100.
   80  2  1.040  28.96   477.0     0.0   130.0     26.0  0 0   0.0 
   81  3  0.997  28.10     0.0     0.0   0.0      0.0    0 0   0.0 
   82  3  0.989  27.24     0.0     0.0   54.0     27.0   0 0   20/100.
   83  3  0.985  28.42     0.0     0.0   20.0     10.0   0 0   10/100.
   84  3  0.980  30.95     0.0     0.0   11.0      7.0   0 0   0.0 
   85  2  0.985  32.51     0.0     0.0   24.0     15.0   0 0   0.0 
   86  3  0.987  31.14     0.0     0.0   21.0     10.0   0 0   0.0 
   87  2  1.015  31.40     4.0     0.0   0.0      0.0    0 0   0.0 
   88  3  0.987  35.64     0.0     0.0   48.0     10.0   0 0   0.0 
   89  2  1.005  39.69   607.0     0.0    0.0      0.0   0 0   0.0 
   90  2  0.985  33.29   -85.0     0.0   78.0     42.0   0 0   0.0 
   91  2  0.980  33.31   -10.0     0.0   0.0      0.0    0 0   0.0 
   92  2  0.993  33.80     0.0     0.0   65.0     10.0   0 0   0.0 
   93  3  0.987  30.79     0.0     0.0   12.0      7.0   0 0   0.0 
   94  3  0.991  28.64     0.0     0.0   30.0     16.0   0 0   0.0 
   95  3  0.981  27.67     0.0     0.0   42.0     31.0   0 0   0.0 
   96  3  0.993  27.51     0.0     0.0   38.0     15.0   0 0   0.0 
   97  3  1.011  27.88     0.0     0.0   15.0      9.0   0 0   0.0 
   98  3  1.024  27.40     0.0     0.0   34.0      8.0   0 0   0.0 
   99  2  1.010  27.04   -42.0     0.0   0.0      0.0    0 0   0.0 
  100  2  1.017  28.03   252.0     0.0   37.0     18.0   0 0   0.0 
  101  3  0.993  29.61     0.0     0.0   22.0     15.0   0 0   0.0 
  102  3  0.991  32.30     0.0     0.0   5.0      3.0    0 0   0.0 
  103  2  1.001  24.44    40.0     0.0   23.0     16.0   0 0   0.0 
  104  2  0.971  21.69     0.0     0.0   38.0     25.0   0 0   0.0 
  105  2  0.965  20.57     0.0     0.0   31.0     26.0   0 0   20/100.
  106  3  0.962  20.32     0.0     0.0   43.0     16.0   0 0   0.0 
  107  2  0.952  17.53   -22.0     0.0   28.0     12.0   0 0   6.0/100
  108  3  0.967  19.38     0.0     0.0   2.0      1.0    0 0   0.0 
  109  3  0.967  18.93     0.0     0.0   8.0      3.0    0 0   0.0 
  110  2  0.973  18.09     0.0     0.0   39.0     30.0   0 0   6.0/100
  111  2  0.980  19.74    36.0     0.0   0.0      0.0    0 0   0.0 
